0.15
0.14296875
0.1359375
0.12890625
0.121875
0.11484375
0.1078125
0.10078125
0.09375
0.08671875
0.0796875
0.07265625
0.065625
0.05859375
0.0515625
0.04453125
0.0375
0.03046875
0.0234375
0.01640625
0.00937499999999999
0.00234375000000001
-0.00468750000000001
-0.01171875
-0.01875
-0.02578125
-0.0328125
-0.03984375
-0.046875
-0.05390625
-0.0609375
-0.06796875
-0.075
-0.08203125
-0.0890625
-0.09609375
-0.103125
-0.11015625
-0.1171875
-0.12421875
-0.13125
-0.13828125
-0.1453125
-0.15234375
-0.159375
-0.16640625
-0.1734375
-0.18046875
-0.1875
-0.19453125
-0.2015625
-0.20859375
-0.215625
-0.22265625
-0.2296875
-0.23671875
-0.24375
-0.25078125
-0.2578125
-0.26484375
-0.271875
-0.27890625
-0.2859375
-0.29296875
-0.3
-0.30703125
-0.3140625
-0.32109375
-0.328125
-0.33515625
-0.3421875
-0.34921875
-0.35625
-0.36328125
-0.3703125
-0.37734375
-0.384375
-0.39140625
-0.3984375
-0.40546875
-0.4125
-0.41953125
-0.4265625
-0.43359375
-0.440625
-0.44765625
-0.4546875
-0.46171875
-0.46875
-0.47578125
-0.4828125
-0.48984375
-0.496875
-0.50390625
-0.5109375
-0.51796875
-0.525
-0.53203125
-0.5390625
-0.54609375
-0.553125
-0.56015625
-0.5671875
-0.57421875
-0.58125
-0.58828125
-0.5953125
-0.60234375
-0.609375
-0.61640625
-0.6234375
-0.63046875
-0.6375
-0.64453125
-0.6515625
-0.65859375
-0.665625
-0.67265625
-0.6796875
-0.68671875
-0.69375
-0.70078125
-0.7078125
-0.71484375
-0.721875
-0.72890625
-0.7359375
-0.74296875
-0.75
-0.75703125
-0.7640625
-0.77109375
-0.778125
-0.78515625
-0.7921875
-0.79921875
-0.80625
-0.81328125
-0.8203125
-0.82734375
-0.834375
-0.84140625
-0.8484375
-0.85546875
-0.8625
-0.86953125
-0.8765625
-0.88359375
-0.890625
-0.89765625
-0.9046875
-0.91171875
-0.91875
-0.92578125
-0.9328125
-0.93984375
-0.946875
-0.95390625
-0.9609375
-0.96796875
-0.975
-0.98203125
-0.9890625
-0.99609375
-1.003125
-1.01015625
-1.0171875
-1.02421875
-1.03125
-1.03828125
-1.0453125
-1.05234375
-1.059375
-1.06640625
-1.0734375
-1.08046875
-1.0875
-1.09453125
-1.1015625
-1.10859375
-1.115625
-1.12265625
-1.1296875
-1.13671875
-1.14375
-1.15078125
-1.1578125
-1.16484375
-1.171875
-1.17890625
-1.1859375
-1.19296875
-1.2
-1.20703125
-1.2140625
-1.22109375
-1.228125
-1.23515625
-1.2421875
-1.24921875
-1.25625
-1.26328125
-1.2703125
-1.27734375
-1.284375
-1.29140625
-1.2984375
-1.30546875
-1.3125
-1.31953125
-1.3265625
-1.33359375
-1.340625
-1.34765625
-1.3546875
-1.36171875
-1.36875
-1.37578125
-1.3828125
-1.38984375
-1.396875
-1.40390625
-1.4109375
-1.41796875
-1.425
-1.43203125
-1.4390625
-1.44609375
-1.453125
-1.46015625
-1.4671875
-1.47421875
-1.48125
-1.48828125
-1.4953125
-1.50234375
-1.509375
-1.51640625
-1.5234375
-1.53046875
-1.5375
-1.54453125
-1.5515625
-1.55859375
-1.565625
-1.57265625
-1.5796875
-1.58671875
-1.59375
-1.60078125
-1.6078125
-1.61484375
-1.621875
-1.62890625
-1.6359375
-1.64296875
-1.65
-1.65703125
-1.6640625
-1.67109375
-1.678125
-1.68515625
-1.6921875
-1.69921875
-1.70625
-1.71328125
-1.7203125
-1.72734375
-1.734375
-1.74140625
-1.7484375
-1.75546875
-1.7625
-1.76953125
-1.7765625
-1.78359375
-1.790625
-1.79765625
-1.8046875
-1.81171875
-1.81875
-1.82578125
-1.8328125
-1.83984375
-1.846875
-1.85390625
-1.8609375
-1.86796875
-1.875
-1.88203125
-1.8890625
-1.89609375
-1.903125
-1.91015625
-1.9171875
-1.92421875
-1.93125
-1.93828125
-1.9453125
-1.95234375
-1.959375
-1.96640625
-1.9734375
-1.98046875
-1.9875
-1.99453125
-2.0015625
-2.00859375
-2.015625
-2.02265625
-2.0296875
-2.03671875
-2.04375
-2.05078125
-2.0578125
-2.06484375
-2.071875
-2.07890625
-2.0859375
-2.09296875
-2.1
