0.3
0.295490981963928
0.290981963927856
0.286472945891784
0.281963927855711
0.277454909819639
0.272945891783567
0.268436873747495
0.263927855711423
0.259418837675351
0.254909819639279
0.250400801603206
0.245891783567134
0.241382765531062
0.23687374749499
0.232364729458918
0.227855711422846
0.223346693386774
0.218837675350701
0.214328657314629
0.209819639278557
0.205310621242485
0.200801603206413
0.196292585170341
0.191783567134269
0.187274549098196
0.182765531062124
0.178256513026052
0.17374749498998
0.169238476953908
0.164729458917836
0.160220440881764
0.155711422845691
0.151202404809619
0.146693386773547
0.142184368737475
0.137675350701403
0.133166332665331
0.128657314629259
0.124148296593186
0.119639278557114
0.115130260521042
0.11062124248497
0.106112224448898
0.101603206412826
0.0970941883767535
0.0925851703406813
0.0880761523046092
0.0835671342685371
0.0790581162324649
0.0745490981963928
0.0700400801603206
0.0655310621242485
0.0610220440881764
0.0565130260521042
0.0520040080160321
0.0474949899799599
0.0429859719438878
0.0384769539078156
0.0339679358717435
0.0294589178356713
0.0249498997995992
0.020440881763527
0.0159318637274549
0.0114228456913827
0.00691382765531062
0.00240480961923845
-0.00210420841683367
-0.0066132264529058
-0.011122244488978
-0.0156312625250501
-0.0201402805611223
-0.0246492985971944
-0.0291583166332666
-0.0336673346693387
-0.0381763527054108
-0.042685370741483
-0.0471943887775551
-0.0517034068136273
-0.0562124248496994
-0.0607214428857716
-0.0652304609218437
-0.0697394789579158
-0.074248496993988
-0.0787575150300601
-0.0832665330661323
-0.0877755511022044
-0.0922845691382765
-0.0967935871743487
-0.101302605210421
-0.105811623246493
-0.110320641282565
-0.114829659318637
-0.119338677354709
-0.123847695390782
-0.128356713426854
-0.132865731462926
-0.137374749498998
-0.14188376753507
-0.146392785571142
-0.150901803607214
-0.155410821643287
-0.159919839679359
-0.164428857715431
-0.168937875751503
-0.173446893787575
-0.177955911823647
-0.182464929859719
-0.186973947895792
-0.191482965931864
-0.195991983967936
-0.200501002004008
-0.20501002004008
-0.209519038076152
-0.214028056112224
-0.218537074148297
-0.223046092184369
-0.227555110220441
-0.232064128256513
-0.236573146292585
-0.241082164328657
-0.245591182364729
-0.250100200400802
-0.254609218436874
-0.259118236472946
-0.263627254509018
-0.26813627254509
-0.272645290581162
-0.277154308617235
-0.281663326653307
-0.286172344689379
-0.290681362725451
-0.295190380761523
-0.299699398797595
-0.304208416833667
-0.30871743486974
-0.313226452905812
-0.317735470941884
-0.322244488977956
-0.326753507014028
-0.3312625250501
-0.335771543086172
-0.340280561122245
-0.344789579158317
-0.349298597194389
-0.353807615230461
-0.358316633266533
-0.362825651302605
-0.367334669338677
-0.37184368737475
-0.376352705410822
-0.380861723446894
-0.385370741482966
-0.389879759519038
-0.39438877755511
-0.398897795591182
-0.403406813627255
-0.407915831663327
-0.412424849699399
-0.416933867735471
-0.421442885771543
-0.425951903807615
-0.430460921843687
-0.43496993987976
-0.439478957915832
-0.443987975951904
-0.448496993987976
-0.453006012024048
-0.45751503006012
-0.462024048096192
-0.466533066132265
-0.471042084168337
-0.475551102204409
-0.480060120240481
-0.484569138276553
-0.489078156312625
-0.493587174348697
-0.49809619238477
-0.502605210420842
-0.507114228456914
-0.511623246492986
-0.516132264529058
-0.52064128256513
-0.525150300601202
-0.529659318637275
-0.534168336673347
-0.538677354709419
-0.543186372745491
-0.547695390781563
-0.552204408817635
-0.556713426853708
-0.56122244488978
-0.565731462925852
-0.570240480961924
-0.574749498997996
-0.579258517034068
-0.58376753507014
-0.588276553106212
-0.592785571142284
-0.597294589178357
-0.601803607214429
-0.606312625250501
-0.610821643286573
-0.615330661322645
-0.619839679358718
-0.62434869739479
-0.628857715430862
-0.633366733466934
-0.637875751503006
-0.642384769539078
-0.64689378757515
-0.651402805611222
-0.655911823647295
-0.660420841683367
-0.664929859719439
-0.669438877755511
-0.673947895791583
-0.678456913827655
-0.682965931863728
-0.6874749498998
-0.691983967935872
-0.696492985971944
-0.701002004008016
-0.705511022044088
-0.71002004008016
-0.714529058116232
-0.719038076152305
-0.723547094188377
-0.728056112224449
-0.732565130260521
-0.737074148296593
-0.741583166332665
-0.746092184368737
-0.75060120240481
-0.755110220440882
-0.759619238476954
-0.764128256513026
-0.768637274549098
-0.77314629258517
-0.777655310621242
-0.782164328657315
-0.786673346693387
-0.791182364729459
-0.795691382765531
-0.800200400801603
-0.804709418837675
-0.809218436873747
-0.81372745490982
-0.818236472945892
-0.822745490981964
-0.827254509018036
-0.831763527054108
-0.83627254509018
-0.840781563126253
-0.845290581162325
-0.849799599198397
-0.854308617234469
-0.858817635270541
-0.863326653306613
-0.867835671342685
-0.872344689378757
-0.87685370741483
-0.881362725450902
-0.885871743486974
-0.890380761523046
-0.894889779559118
-0.89939879759519
-0.903907815631263
-0.908416833667335
-0.912925851703407
-0.917434869739479
-0.921943887775551
-0.926452905811623
-0.930961923847695
-0.935470941883767
-0.93997995991984
-0.944488977955912
-0.948997995991984
-0.953507014028056
-0.958016032064128
-0.9625250501002
-0.967034068136273
-0.971543086172345
-0.976052104208417
-0.980561122244489
-0.985070140280561
-0.989579158316633
-0.994088176352705
-0.998597194388777
-1.00310621242485
-1.00761523046092
-1.01212424849699
-1.01663326653307
-1.02114228456914
-1.02565130260521
-1.03016032064128
-1.03466933867735
-1.03917835671343
-1.0436873747495
-1.04819639278557
-1.05270541082164
-1.05721442885772
-1.06172344689379
-1.06623246492986
-1.07074148296593
-1.075250501002
-1.07975951903808
-1.08426853707415
-1.08877755511022
-1.09328657314629
-1.09779559118236
-1.10230460921844
-1.10681362725451
-1.11132264529058
-1.11583166332665
-1.12034068136273
-1.1248496993988
-1.12935871743487
-1.13386773547094
-1.13837675350701
-1.14288577154309
-1.14739478957916
-1.15190380761523
-1.1564128256513
-1.16092184368737
-1.16543086172345
-1.16993987975952
-1.17444889779559
-1.17895791583166
-1.18346693386774
-1.18797595190381
-1.19248496993988
-1.19699398797595
-1.20150300601202
-1.2060120240481
-1.21052104208417
-1.21503006012024
-1.21953907815631
-1.22404809619238
-1.22855711422846
-1.23306613226453
-1.2375751503006
-1.24208416833667
-1.24659318637275
-1.25110220440882
-1.25561122244489
-1.26012024048096
-1.26462925851703
-1.26913827655311
-1.27364729458918
-1.27815631262525
-1.28266533066132
-1.28717434869739
-1.29168336673347
-1.29619238476954
-1.30070140280561
-1.30521042084168
-1.30971943887776
-1.31422845691383
-1.3187374749499
-1.32324649298597
-1.32775551102204
-1.33226452905812
-1.33677354709419
-1.34128256513026
-1.34579158316633
-1.3503006012024
-1.35480961923848
-1.35931863727455
-1.36382765531062
-1.36833667334669
-1.37284569138277
-1.37735470941884
-1.38186372745491
-1.38637274549098
-1.39088176352705
-1.39539078156313
-1.3998997995992
-1.40440881763527
-1.40891783567134
-1.41342685370741
-1.41793587174349
-1.42244488977956
-1.42695390781563
-1.4314629258517
-1.43597194388778
-1.44048096192385
-1.44498997995992
-1.44949899799599
-1.45400801603206
-1.45851703406814
-1.46302605210421
-1.46753507014028
-1.47204408817635
-1.47655310621242
-1.4810621242485
-1.48557114228457
-1.49008016032064
-1.49458917835671
-1.49909819639279
-1.50360721442886
-1.50811623246493
-1.512625250501
-1.51713426853707
-1.52164328657315
-1.52615230460922
-1.53066132264529
-1.53517034068136
-1.53967935871743
-1.54418837675351
-1.54869739478958
-1.55320641282565
-1.55771543086172
-1.5622244488978
-1.56673346693387
-1.57124248496994
-1.57575150300601
-1.58026052104208
-1.58476953907816
-1.58927855711423
-1.5937875751503
-1.59829659318637
-1.60280561122244
-1.60731462925852
-1.61182364729459
-1.61633266533066
-1.62084168336673
-1.62535070140281
-1.62985971943888
-1.63436873747495
-1.63887775551102
-1.64338677354709
-1.64789579158317
-1.65240480961924
-1.65691382765531
-1.66142284569138
-1.66593186372745
-1.67044088176353
-1.6749498997996
-1.67945891783567
-1.68396793587174
-1.68847695390782
-1.69298597194389
-1.69749498997996
-1.70200400801603
-1.7065130260521
-1.71102204408818
-1.71553106212425
-1.72004008016032
-1.72454909819639
-1.72905811623246
-1.73356713426854
-1.73807615230461
-1.74258517034068
-1.74709418837675
-1.75160320641283
-1.7561122244489
-1.76062124248497
-1.76513026052104
-1.76963927855711
-1.77414829659319
-1.77865731462926
-1.78316633266533
-1.7876753507014
-1.79218436873747
-1.79669338677355
-1.80120240480962
-1.80571142284569
-1.81022044088176
-1.81472945891784
-1.81923847695391
-1.82374749498998
-1.82825651302605
-1.83276553106212
-1.8372745490982
-1.84178356713427
-1.84629258517034
-1.85080160320641
-1.85531062124249
-1.85981963927856
-1.86432865731463
-1.8688376753507
-1.87334669338677
-1.87785571142285
-1.88236472945892
-1.88687374749499
-1.89138276553106
-1.89589178356713
-1.90040080160321
-1.90490981963928
-1.90941883767535
-1.91392785571142
-1.91843687374749
-1.92294589178357
-1.92745490981964
-1.93196392785571
-1.93647294589178
-1.94098196392786
-1.94549098196393
-1.95
