0.15
0.145471014492754
0.140942028985507
0.136413043478261
0.131884057971014
0.127355072463768
0.122826086956522
0.118297101449275
0.113768115942029
0.109239130434783
0.104710144927536
0.10018115942029
0.0956521739130435
0.0911231884057971
0.0865942028985507
0.0820652173913043
0.077536231884058
0.0730072463768116
0.0684782608695652
0.0639492753623188
0.0594202898550725
0.0548913043478261
0.0503623188405797
0.0458333333333333
0.041304347826087
0.0367753623188406
0.0322463768115942
0.0277173913043478
0.0231884057971014
0.0186594202898551
0.0141304347826087
0.0096014492753623
0.00507246376811593
0.000543478260869562
-0.00398550724637681
-0.0085144927536232
-0.0130434782608696
-0.0175724637681159
-0.0221014492753623
-0.0266304347826087
-0.0311594202898551
-0.0356884057971014
-0.0402173913043478
-0.0447463768115942
-0.0492753623188406
-0.053804347826087
-0.0583333333333333
-0.0628623188405797
-0.0673913043478261
-0.0719202898550725
-0.0764492753623189
-0.0809782608695652
-0.0855072463768116
-0.090036231884058
-0.0945652173913044
-0.0990942028985507
-0.103623188405797
-0.108152173913043
-0.11268115942029
-0.117210144927536
-0.121739130434783
-0.126268115942029
-0.130797101449275
-0.135326086956522
-0.139855072463768
-0.144384057971014
-0.148913043478261
-0.153442028985507
-0.157971014492754
-0.1625
-0.167028985507246
-0.171557971014493
-0.176086956521739
-0.180615942028986
-0.185144927536232
-0.189673913043478
-0.194202898550725
-0.198731884057971
-0.203260869565217
-0.207789855072464
-0.21231884057971
-0.216847826086957
-0.221376811594203
-0.225905797101449
-0.230434782608696
-0.234963768115942
-0.239492753623188
-0.244021739130435
-0.248550724637681
-0.253079710144928
-0.257608695652174
-0.26213768115942
-0.266666666666667
-0.271195652173913
-0.275724637681159
-0.280253623188406
-0.284782608695652
-0.289311594202899
-0.293840579710145
-0.298369565217391
-0.302898550724638
-0.307427536231884
-0.31195652173913
-0.316485507246377
-0.321014492753623
-0.32554347826087
-0.330072463768116
-0.334601449275362
-0.339130434782609
-0.343659420289855
-0.348188405797101
-0.352717391304348
-0.357246376811594
-0.361775362318841
-0.366304347826087
-0.370833333333333
-0.37536231884058
-0.379891304347826
-0.384420289855072
-0.388949275362319
-0.393478260869565
-0.398007246376812
-0.402536231884058
-0.407065217391304
-0.411594202898551
-0.416123188405797
-0.420652173913043
-0.42518115942029
-0.429710144927536
-0.434239130434783
-0.438768115942029
-0.443297101449275
-0.447826086956522
-0.452355072463768
-0.456884057971015
-0.461413043478261
-0.465942028985507
-0.470471014492754
-0.475
-0.479528985507246
-0.484057971014493
-0.488586956521739
-0.493115942028985
-0.497644927536232
-0.502173913043478
-0.506702898550725
-0.511231884057971
-0.515760869565217
-0.520289855072464
-0.52481884057971
-0.529347826086957
-0.533876811594203
-0.538405797101449
-0.542934782608696
-0.547463768115942
-0.551992753623188
-0.556521739130435
-0.561050724637681
-0.565579710144927
-0.570108695652174
-0.57463768115942
-0.579166666666667
-0.583695652173913
-0.588224637681159
-0.592753623188406
-0.597282608695652
-0.601811594202899
-0.606340579710145
-0.610869565217391
-0.615398550724638
-0.619927536231884
-0.62445652173913
-0.628985507246377
-0.633514492753623
-0.638043478260869
-0.642572463768116
-0.647101449275362
-0.651630434782609
-0.656159420289855
-0.660688405797101
-0.665217391304348
-0.669746376811594
-0.674275362318841
-0.678804347826087
-0.683333333333333
-0.68786231884058
-0.692391304347826
-0.696920289855072
-0.701449275362319
-0.705978260869565
-0.710507246376812
-0.715036231884058
-0.719565217391304
-0.724094202898551
-0.728623188405797
-0.733152173913043
-0.73768115942029
-0.742210144927536
-0.746739130434783
-0.751268115942029
-0.755797101449275
-0.760326086956522
-0.764855072463768
-0.769384057971015
-0.773913043478261
-0.778442028985507
-0.782971014492754
-0.7875
-0.792028985507246
-0.796557971014493
-0.801086956521739
-0.805615942028985
-0.810144927536232
-0.814673913043478
-0.819202898550725
-0.823731884057971
-0.828260869565217
-0.832789855072464
-0.83731884057971
-0.841847826086957
-0.846376811594203
-0.850905797101449
-0.855434782608696
-0.859963768115942
-0.864492753623188
-0.869021739130435
-0.873550724637681
-0.878079710144927
-0.882608695652174
-0.88713768115942
-0.891666666666667
-0.896195652173913
-0.900724637681159
-0.905253623188406
-0.909782608695652
-0.914311594202898
-0.918840579710145
-0.923369565217391
-0.927898550724638
-0.932427536231884
-0.93695652173913
-0.941485507246377
-0.946014492753623
-0.95054347826087
-0.955072463768116
-0.959601449275362
-0.964130434782609
-0.968659420289855
-0.973188405797102
-0.977717391304348
-0.982246376811594
-0.986775362318841
-0.991304347826087
-0.995833333333333
-1.00036231884058
-1.00489130434783
-1.00942028985507
-1.01394927536232
-1.01847826086957
-1.02300724637681
-1.02753623188406
-1.0320652173913
-1.03659420289855
-1.0411231884058
-1.04565217391304
-1.05018115942029
-1.05471014492754
-1.05923913043478
-1.06376811594203
-1.06829710144928
-1.07282608695652
-1.07735507246377
-1.08188405797101
-1.08641304347826
-1.09094202898551
-1.09547101449275
-1.1
